87 33 1
-82 -26 -1
6 -62 -1
-58 4 -1
-42 -58 -1
-53 -21 -1
-15 -7 -1
-52 74 1
-81 -30 -1
86 24 1
18 53 1
-56 38 -1
49 51 1
98 98 1
86 -69 1
7 38 1
-32 -71 -1
-5 -93 -1
-100 40 -1
-84 -66 -1
11 22 1
-98 -74 -1
15 72 1
65 27 1
76 -96 -1
-12 -28 -1
43 89 1
4 -71 -1
43 -91 -1
-27 -100 -1
85 58 1
62 -99 -1
39 -81 -1
-10 -47 -1
86 -41 1
64 -7 1
52 25 1
-35 -65 -1
83 42 1
-88 -71 -1
-85 31 -1
-40 -79 -1
61 -4 1
-86 -39 -1
-78 -100 -1
-19 84 1
27 35 1
60 -27 1
-72 -86 -1
-48 -43 -1
-52 93 1
-62 97 1
5 74 1
16 28 1
-3 -57 -1
49 53 1
-19 85 1
86 92 1
48 83 1
15 95 1
-63 27 -1
-81 -29 -1
79 50 1
-24 -46 -1
7 67 1
6 -38 -1
-8 -57 -1
-98 -51 -1
77 99 1
62 40 1
16 -65 -1
30 77 1
15 29 1
-50 -28 -1
-4 -25 -1
17 -61 -1
-47 -31 -1
-20 -19 -1
-58 -7 -1
-63 37 -1
-20 -28 -1
-22 -59 -1
-3 -28 -1
-14 90 1
-69 -56 -1
79 13 1
-6 -94 -1
16 48 1
85 65 1
24 59 1
-29 86 1
-49 -30 -1
-24 63 1
95 -59 1
-29 13 -1
92 -32 1
-87 -26 -1
-44 4 -1
53 -20 1
40 28 1
69 83 1
-60 12 -1
-82 64 -1
35 -18 1
24 30 1
74 82 1
-40 93 1
-25 -83 -1
-20 -64 -1
38 26 1
-29 -17 -1
0 56 1
83 48 1
-26 -18 -1
69 -21 1
22 -81 -1
53 32 1
56 95 1
-73 -83 -1
45 -89 -1
-59 16 -1
48 -21 1
31 44 1
-99 -57 -1
-73 -28 -1
-66 -4 -1
8 60 1
18 99 1
38 -71 -1
-89 -84 -1
23 31 1
44 -100 -1
-71 -60 -1
-48 -73 -1
73 -33 1
7 52 1
-30 95 1
-82 52 -1
63 5 1
-55 97 1
67 -38 1
36 -64 -1
14 27 1
75 -16 1
-59 -75 -1
53 -23 1
68 67 1
-45 2 -1
-90 27 -1
64 56 1
-15 39 1
-30 -62 -1
42 37 1
65 24 1
94 83 1
-16 -26 -1
69 -37 1
53 79 1
-14 -31 -1
-94 -61 -1
40 76 1
-44 -70 -1
63 -13 1
-72 2 -1
34 77 1
-59 95 1
-25 56 1
7 18 1
-62 24 -1
-73 0 -1
-60 -52 -1
-73 49 -1
-7 55 1
-45 63 1
-33 -97 -1
74 5 1
64 -13 1
-41 -94 -1
-24 94 1
20 -57 -1
3 -86 -1
-50 68 1
70 50 1
64 38 1
-33 -83 -1
87 -4 1
38 28 1
90 -5 1
10 -33 -1
92 25 1
-25 -34 -1
-8 -41 -1
99 19 1
-7 79 1
